1000
52 58 41
66 22 24
30 94 18
6 54 76
81 64 71
34 78 66
57 66 7
62 90 75
35 71 80
100 91 95
74 35 78
3 82 67
21 81 30
93 81 97
40 87 59
1 87 21
7 54 41
76 41 73
97 69 86
20 60 5
48 55 54
68 85 59
97 40 45
34 21 80
93 73 82
37 33 18
29 71 99
68 47 78
24 89 95
79 6 20
59 46 2
53 92 12
3 8 88
26 20 90
70 29 55
82 70 56
72 17 12
50 45 96
32 68 96
40 58 61
98 29 77
92 31 9
47 68 48
81 4 75
64 25 83
17 26 74
78 13 34
8 2 87
47 27 8
96 100 18
39 68 89
38 3 52
55 94 1
60 52 78
82 77 39
50 78 61
50 95 41
28 14 70
70 57 74
36 98 30
34 92 25
88 76 98
2 1 3
68 94 26
20 60 75
17 8 18
100 89 76
82 42 37
91 63 31
42 4 54
76 10 62
57 38 52
85 74 65
73 32 97
25 12 74
39 39 55
36 65 62
100 45 18
4 99 34
21 94 36
72 53 57
48 100 27
75 18 61
83 81 21
42 12 84
25 74 22
51 61 55
68 23 60
29 75 87
7 52 33
34 78 21
7 79 5
38 18 100
55 55 17
27 97 67
50 22 39
78 53 78
52 56 84
98 85 38
69 26 21
31 40 41
22 54 16
9 67 98
10 87 38
88 98 52
93 62 88
0 55 55
34 15 71
50 58 100
52 22 97
24 81 77
54 47 14
29 42 62
63 75 34
90 14 81
73 9 85
78 84 95
28 88 81
10 67 92
59 98 12
90 78 19
98 23 27
71 87 7
55 80 45
89 80 24
53 80 34
24 24 77
57 76 73
73 100 14
1 55 20
17 75 28
16 20 13
61 55 7
22 20 89
68 6 13
98 6 75
72 84 72
67 10 77
35 57 4
55 94 47
35 97 48
23 7 57
8 87 8
75 76 37
80 46 30
33 60 68
2 72 59
52 44 12
74 92 31
15 73 20
94 6 97
14 65 87
2 100 54
20 39 43
38 100 15
100 35 40
73 93 3
91 83 54
97 14 17
7 52 70
16 43 68
19 23 85
43 89 76
11 32 65
67 43 16
87 20 40
79 87 63
67 45 84
31 9 89
55 98 32
82 47 46
4 92 13
57 53 73
42 73 40
100 23 20
7 72 10
2 20 12
21 1 14
63 38 11
6 36 66
74 32 14
91 9 77
51 52 94
57 71 100
32 71 93
18 69 54
12 88 91
7 84 22
76 23 47
58 85 42
53 100 79
58 16 65
7 84 93
99 61 22
13 63 44
100 33 89
100 84 72
75 91 13
80 15 95
34 38 11
2 64 93
43 44 59
46 13 17
16 66 96
27 39 58
22 61 99
1 95 53
72 9 77
12 72 83
61 9 64
23 36 86
6 57 10
48 48 69
22 75 38
41 85 37
57 26 71
90 48 65
12 100 82
80 78 67
86 33 83
20 94 40
91 48 60
6 90 18
27 23 13
88 55 34
68 31 60
34 59 57
85 7 21
1 74 53
37 56 98
97 81 53
50 91 58
70 35 40
100 76 79
58 12 24
95 44 79
95 88 7
73 94 45
25 2 9
32 81 7
96 23 79
99 3 95
60 57 42
10 9 17
45 58 33
100 47 93
68 88 23
9 78 90
87 28 17
61 56 2
75 9 23
81 3 94
82 55 91
43 86 20
87 12 14
48 46 58
38 13 28
88 7 40
60 100 78
67 73 45
58 99 46
77 65 16
32 96 39
66 68 37
84 70 75
46 100 80
43 82 22
6 45 79
70 87 37
90 67 82
42 7 15
31 15 100
86 41 9
69 74 98
67 5 11
52 27 3
60 86 100
50 42 68
84 58 8
9 100 8
90 16 86
80 60 28
73 35 23
43 97 35
71 76 48
8 100 13
31 9 97
0 39 48
57 64 92
53 48 96
54 84 77
25 60 20
87 81 48
54 84 33
67 23 25
52 69 42
93 54 6
47 39 84
68 76 65
87 15 84
22 4 96
13 45 52
79 100 64
82 2 69
37 62 67
64 96 55
97 7 12
91 41 56
21 61 42
23 3 100
34 29 37
48 19 14
71 86 34
47 8 15
77 28 9
52 96 17
62 17 79
17 52 13
62 17 11
92 55 47
79 26 26
21 28 21
17 17 24
65 69 32
84 93 54
17 42 4
0 20 21
9 70 2
70 93 6
100 1 1
78 23 25
12 72 15
65 70 12
93 6 84
13 9 61
84 5 4
75 12 4
37 65 24
41 5 75
84 98 55
5 98 52
85 73 67
92 82 14
17 32 44
8 78 93
6 68 91
24 60 67
38 87 35
30 44 90
53 3 4
90 63 36
47 2 34
10 37 85
86 14 22
64 70 73
13 21 19
91 74 34
82 28 71
90 72 20
88 40 84
78 22 46
4 64 27
45 83 96
25 40 82
73 81 29
6 74 32
76 87 22
54 31 99
13 94 70
61 71 58
54 72 3
95 85 81
8 47 90
78 28 15
5 95 26
67 88 33
36 42 44
91 10 57
87 63 13
98 4 46
53 76 77
51 9 46
6 74 68
99 77 4
12 55 55
71 75 75
23 66 83
54 7 5
35 87 31
16 97 9
17 79 13
73 29 39
77 83 58
28 100 1
97 37 34
67 89 59
10 5 43
17 69 21
76 5 76
48 77 79
28 95 98
40 76 92
17 81 100
90 69 64
20 56 46
44 31 91
81 69 83
97 70 4
69 96 28
43 58 83
96 23 25
65 42 19
3 98 22
55 4 97
7 34 65
23 17 75
100 27 67
87 22 56
14 78 60
67 12 75
51 72 5
87 40 57
95 82 27
60 87 90
14 59 83
99 92 73
27 5 38
47 1 94
38 31 43
19 71 93
57 28 81
83 39 80
91 5 25
89 37 94
44 19 7
1 12 64
59 30 79
32 14 83
14 81 78
96 74 56
53 86 23
100 60 84
100 26 16
53 28 74
51 61 95
61 30 32
9 72 95
62 44 84
84 95 42
38 4 40
83 15 78
5 77 3
36 61 83
2 9 3
92 67 54
38 4 1
20 73 91
53 77 48
25 93 2
86 82 81
3 38 18
13 46 10
84 79 77
35 72 76
87 78 17
56 6 32
74 29 63
100 54 94
72 21 28
15 19 12
45 58 69
56 83 72
12 98 95
73 67 79
33 17 14
85 2 99
56 44 57
52 79 8
4 87 25
96 95 29
89 86 90
36 4 21
66 30 100
20 71 63
48 39 20
56 48 75
50 36 93
51 66 33
3 96 47
0 53 42
76 82 99
4 95 82
56 22 38
63 39 40
42 91 58
5 36 8
22 21 46
54 6 54
45 54 78
8 61 41
6 53 79
76 21 60
76 9 32
20 24 95
14 46 40
99 99 99
80 2 41
13 28 46
8 44 91
59 72 79
70 44 46
25 85 66
86 25 64
48 100 7
14 72 37
0 20 25
88 17 100
96 46 9
69 39 59
85 55 91
78 31 43
72 45 65
50 66 61
62 24 38
100 63 3
21 89 97
17 36 76
96 46 59
39 5 38
10 72 100
43 9 84
39 12 84
24 29 11
69 96 3
65 77 35
85 85 34
45 39 23
100 37 76
81 58 33
85 67 94
21 6 39
1 87 71
73 81 87
81 14 29
66 89 30
98 69 74
13 9 38
99 70 86
37 13 100
69 62 92
18 75 8
55 48 15
18 56 55
97 18 34
84 75 56
74 77 38
61 11 61
38 2 57
98 22 42
15 29 66
78 28 94
84 63 23
93 21 57
0 32 79
1 73 59
34 44 91
81 16 88
91 47 20
6 26 84
78 56 13
58 86 97
67 94 53
1 23 28
95 53 33
90 24 63
67 56 15
85 16 71
46 60 37
23 79 47
76 45 72
4 90 64
82 89 7
96 31 25
84 1 80
86 67 92
46 83 61
52 29 5
82 97 70
13 55 55
91 86 32
14 12 58
84 40 70
75 52 73
22 45 39
37 21 1
41 32 82
55 32 37
53 89 74
99 70 27
96 33 27
63 73 6
3 53 40
83 53 23
84 32 46
5 47 66
16 53 10
45 24 72
17 37 79
94 13 95
50 22 86
51 22 21
42 65 78
97 24 78
54 8 62
56 43 8
86 98 75
79 29 41
39 81 80
7 62 58
99 26 64
44 52 32
28 96 15
90 37 82
25 69 7
91 96 80
34 44 71
2 42 20
71 83 38
97 76 47
4 8 40
95 52 21
90 58 66
34 85 73
72 15 93
75 83 75
77 18 99
70 59 36
79 12 10
25 17 18
0 89 69
74 27 60
4 64 60
39 62 100
8 92 17
86 89 75
4 25 17
72 98 89
91 86 25
40 32 40
75 36 52
1 23 57
51 26 61
45 4 63
54 70 59
54 28 35
69 3 81
34 92 69
91 35 47
48 64 69
0 54 4
72 83 63
19 41 36
49 42 78
88 17 98
93 40 71
16 74 2
99 8 47
77 89 85
19 61 77
13 17 1
100 31 11
48 16 37
41 9 44
27 63 72
97 96 54
74 86 76
15 81 30
19 7 99
27 56 28
19 78 93
94 29 61
72 73 82
11 60 98
65 77 76
20 11 46
15 40 98
74 9 58
54 83 44
13 62 69
74 83 52
34 74 94
10 32 14
84 48 1
14 98 61
87 5 14
25 63 58
84 18 41
85 96 27
59 96 91
13 15 75
49 97 30
41 85 26
28 46 55
97 10 17
77 91 2
74 35 91
42 33 100
61 6 25
93 8 68
36 17 39
46 13 25
61 29 41
31 90 6
16 86 46
40 29 7
32 67 10
56 65 95
84 90 1
0 44 99
81 79 13
34 9 32
30 61 23
80 22 42
75 53 41
49 2 81
47 53 21
57 27 68
36 22 35
28 62 38
73 91 41
80 80 99
70 15 34
19 25 7
68 23 92
84 38 75
38 86 11
87 21 91
77 88 1
32 27 27
61 12 61
43 41 16
55 2 71
36 41 40
95 20 58
34 68 35
34 14 7
39 68 98
100 18 7
3 31 48
85 71 33
81 38 96
71 59 9
66 96 69
12 39 71
14 84 31
20 18 1
31 10 68
97 48 53
45 94 28
56 35 42
94 41 86
67 43 20
24 57 9
8 13 21
80 53 38
16 96 54
30 65 81
16 46 80
76 47 70
39 85 37
49 60 88
13 99 9
84 71 12
41 35 64
25 43 2
50 69 97
22 34 52
93 92 92
67 48 15
91 25 16
53 46 81
56 87 92
62 86 17
63 43 23
81 38 43
57 61 15
52 72 19
54 99 95
96 97 9
54 36 40
52 39 2
56 1 93
21 17 22
18 13 17
39 62 19
47 74 14
28 81 52
73 66 59
50 82 26
72 96 80
25 43 87
56 80 4
19 77 72
61 87 41
27 69 53
82 56 91
94 30 1
80 94 17
75 31 59
87 47 83
54 69 77
14 63 94
16 10 4
97 83 99
19 67 40
79 13 6
68 82 88
75 71 84
15 48 19
45 12 15
35 68 35
98 39 27
65 89 98
91 77 63
46 4 73
0 34 29
34 54 33
12 9 17
15 87 67
30 25 5
70 35 42
37 87 8
18 57 73
98 57 37
25 18 17
78 21 43
84 63 8
41 97 37
83 83 38
34 29 29
11 5 82
89 21 73
30 64 33
85 13 84
0 15 62
33 69 55
43 82 18
97 44 64
87 70 20
29 21 13
37 3 58
29 25 59
57 76 70
92 38 94
31 3 8
55 68 37
75 33 74
31 43 35
21 53 4
42 58 87
80 5 56
36 93 63
11 78 3
8 34 45
52 37 89
21 57 20
100 91 18
1 7 59
73 43 35
37 24 17
19 59 93
73 5 80
97 82 93
75 37 68
89 48 41
93 62 100
41 62 75
25 65 34
90 98 72
25 61 69
95 33 26
30 64 56
46 71 15
32 60 75
24 66 29
89 41 20
74 13 7
33 29 79
38 92 85
6 90 7
96 10 58
29 11 42
6 23 99
17 24 45
5 42 25
33 56 65
89 74 71
7 29 86
47 12 95
95 24 55
42 67 14
42 33 8
85 70 9
51 34 61
63 42 23
53 48 15
16 81 80
25 68 86
77 97 48
21 52 78
53 61 85
11 83 30
52 68 11
2 59 23
33 55 85
19 8 1
19 15 33
57 59 38
66 19 66
34 72 75
37 2 41
66 75 25
62 18 5
80 33 25
66 90 100
28 16 5
57 14 13
36 87 6
93 94 28
100 64 45
96 80 66
83 21 71
5 4 81
50 20 90
51 57 31
77 31 9
41 58 27
77 61 9
57 92 78
16 79 40
92 40 17
61 11 30
56 61 7
98 80 87
85 93 63
30 86 56
98 42 24
100 68 14
38 8 35
41 54 55
63 97 5
32 46 61
7 25 48
55 47 53
63 90 6
64 38 29
9 10 84
97 88 98
2 47 93
30 15 68
67 83 21
47 25 9
4 57 29
1 69 27
98 85 64
49 32 95
92 10 71
18 18 95
71 8 8
21 99 3
86 54 55
2 32 95
91 65 22
41 98 74
93 28 75
10 86 69
15 90 92
71 28 11
67 60 11
61 88 67
63 18 95
67 95 83
31 83 25
87 37 94
62 59 95
59 60 85
36 86 34
88 64 68
85 85 71
31 8 81
96 44 13
80 65 25
19 77 96
63 47 47
85 33 65
24 8 15
88 45 37
2 35 88
67 68 52
55 99 81
