5
3 3
x
y
z
2 1
loooong
tiny
4 3
fff
fffff
ff
ffff
5 3
a
hair
box
awesome
hail
8 6
fox
of
xfox
foo
foxxx
off
foff
foox
5
3
0 0
0 1
0 3
5
0 0
0 1
0 2
0 3
0 4
4
0 0
0 100
100 0
100 100
4
0 0
-3 4
0 5
-5 0
6
5 6
6 5
7 6
6 7

7 8
8 7
6
6
..XX.X
X.X..X
8
...X.X..
.......X
5
.X.X.
.XXX.
7
.....X.
.X.....
9
..X.X.X..
..X...X.X
15
.X..........X..
.X...XX.X.X....
5
4 50
10 10 10 10
4 50
51 51 51 51
3 1000000000
1000000000 1000000000 1000000000
6 6
1 2 3 4 5 6
10 77
12 3 52 25 9 83 45 21 33 3